<HTML>
<HEAD><TITLE>OMNIWeb Results</TITLE></HEAD>
<BODY>
<center><font size=5 color=red>OMNIWeb Plus Browser Results </font></center><br>
<B>Listing for omni2 data from 20150315 to 20150320</B><hr><pre>Selected parameters:
 1 Scalar B, nT
 2 SW Proton Density, N/cm^3
 3 SW Plasma Temperature, K
 4 SW Plasma Speed, km/s
 5 Kp index

YEAR DOY HR    1     2        3     4   5
2015  74  0   6.3  13.5   30496.  324. 20
2015  74  1   5.9  16.2   32487.  327. 20
2015  74  2   6.3  16.4   33920.  327. 20
2015  74  3   5.7  17.5   41004.  329. 20
2015  74  4   5.7  20.0   36557.  326. 20
2015  74  5   5.8  20.0   33723.  324. 20
2015  74  6   5.5  20.2   32234.  326. 27
2015  74  7   3.7  21.7   36055.  326. 27
2015  74  8   4.2  23.4   35485.  323. 27
2015  74  9   5.0  22.7   38119.  321. 13
2015  74 10   6.2  20.0   35911.  318. 13
2015  74 11   6.0  20.3   35422.  316. 13
2015  74 12   5.2  21.0   38221.  312. 13
2015  74 13   6.5  18.1   46387.  312. 13
2015  74 14   4.8  17.3   41293.  309. 13
2015  74 15   5.7  18.7   57574.  313. 13
2015  74 16   8.9  17.0   58935.  320. 13
2015  74 17   8.3  20.7   54521.  321. 13
2015  74 18  13.1  17.7   58679.  323. 20
2015  74 19   9.4  18.8   57870.  314. 20
2015  74 20   5.1  20.3   55912.  312. 20
2015  74 21   6.8  14.3   44021.  298. 10
2015  74 22   5.0  18.9   40920.  305. 10
2015  74 23   6.2  17.7   43530.  306. 10
2015  75  0   7.5  22.1   43592.  314. 17
2015  75  1   7.2  31.9   46476.  326. 17
2015  75  2   7.5  38.8   49850.  327. 17
2015  75  3   7.3  32.5   39028.  340. 33
2015  75  4   7.4  28.7   37274.  347. 33
2015  75  5   5.9  35.1   35529.  346. 33
2015  75  6  10.9  24.2   71556.  361. 37
2015  75  7  12.4  14.4   66752.  362. 37
2015  75  8  11.0  15.5   72171.  364. 37
2015  75  9  11.3  19.5   85991.  378. 30
2015  75 10  12.6  20.5   79316.  380. 30
2015  75 11  14.9  23.2   75820.  376. 30
2015  75 12  11.8  23.4   86085.  368. 27
2015  75 13  10.4  18.9  103257.  376. 27
2015  75 14  13.2  15.7   42031.  400. 27
2015  75 15  13.4  21.7   20775.  405. 27
2015  75 16  13.0  20.0   32081.  401. 27
2015  75 17  12.3  23.9   32724.  406. 27
2015  75 18  11.0  26.8   48356.  418. 13
2015  75 19   9.2  24.4   34241.  424. 13
2015  75 20   8.0  24.2   33497.  425. 13
2015  75 21   8.7  19.7   38645.  431.  3
2015  75 22   9.6  17.0   29569.  421.  3
2015  75 23   8.7  16.9   51743.  425.  3
2015  76  0   8.2  17.0   61621.  420. 20
2015  76  1   8.5  14.7   52338.  416. 20
2015  76  2   8.0  13.1   61401.  415. 20
2015  76  3   7.8  17.6   45289.  412. 47
2015  76  4   9.7  16.5   39964.  413. 47
2015  76  5  21.9  33.7  115463.  492. 47
2015  76  6  19.6  30.4  199007.  514. 57
2015  76  7  16.7  23.9  393383.  514. 57
2015  76  8  19.4  18.3  649319.  561. 57
2015  76  9  20.6  22.6  645077.  555. 53
2015  76 10  22.4  19.7  544535.  571. 53
2015  76 11  21.3  23.5  807336.  614. 53
2015  76 12  26.0  16.1  653977.  602. 77
2015  76 13  30.2  23.7  242177.  586. 77
2015  76 14  31.5  23.1   60608.  583. 77
2015  76 15  26.2  23.6  138372.  593. 77
2015  76 16  25.2  11.7  161121.  583. 77
2015  76 17  22.5  17.7  188342.  559. 77
2015  76 18  22.4  12.7   61392.  575. 73
2015  76 19  16.0   9.8  135041.  572. 73
2015  76 20  17.1   8.5   97169.  563. 73
2015  76 21  19.1   7.9   60499.  558. 77
2015  76 22  20.1   8.2   53501.  558. 77
2015  76 23  20.9   6.4   52149.  544. 77
2015  77  0  16.0   6.4  137151.  591. 60
2015  77  1  16.5   2.9   50272.  567. 60
2015  77  2  15.9   3.5   54552.  553. 60
2015  77  3  15.0   4.0   74962.  554. 47
2015  77  4  14.1   3.5  106138.  549. 47
2015  77  5  12.7   3.6  141589.  557. 47
2015  77  6  12.5   3.2  172892.  543. 43
2015  77  7  12.3   3.5  183265.  571. 43
2015  77  8  12.0   4.4  188248.  549. 43
2015  77  9  12.5   4.6  187132.  559. 43
2015  77 10  12.9   5.1  201627.  571. 43
2015  77 11  12.1   6.4  251503.  582. 43
2015  77 12  11.4   6.6  286956.  577. 53
2015  77 13  11.0   6.8  314109.  581. 53
2015  77 14  10.5   6.9  325508.  603. 53
2015  77 15   9.0   6.8  332496.  596. 53
2015  77 16   8.7   6.0  319586.  600. 53
2015  77 17   8.9   4.9  240103.  612. 53
2015  77 18   6.0   3.2  204280.  653. 47
2015  77 19   5.8   3.0  215424.  653. 47
2015  77 20   5.4   2.8  191526.  654. 47
2015  77 21   5.4   2.9  194485.  683. 47
2015  77 22   5.0   2.9  207884.  662. 47
2015  77 23   4.4   3.1  231011.  666. 47
2015  78  0   4.3   3.2  225682.  664. 43
2015  78  1   3.1   3.4  230367.  658. 43
2015  78  2   3.8   3.3  206998.  656. 43
2015  78  3   4.3   3.2  197672.  622. 40
2015  78  4   4.9   3.2  177222.  607. 40
2015  78  5   5.5   3.4  166818.  599. 40
2015  78  6   5.3   3.5  163578.  605. 37
2015  78  7   5.8   4.2  171814.  610. 37
2015  78  8   5.8   4.2  147546.  613. 37
2015  78  9   5.1   4.2  172828.  598. 50
2015  78 10   5.9   3.7  162588.  594. 50
2015  78 11   7.6   2.7  145317.  597. 50
2015  78 12   8.1   2.8  120422.  596. 43
2015  78 13   7.4   2.7  169177.  568. 43
2015  78 14   7.1   2.6  215226.  568. 43
2015  78 15   7.4   3.0  203560.  583. 30
2015  78 16   7.0   3.4  228668.  611. 30
2015  78 17   6.8   3.4  174911.  576. 30
2015  78 18   6.5   3.9  224259.  582. 23
2015  78 19   6.3   4.3  231715.  592. 23
2015  78 20   6.8   4.3  218909.  577. 23
2015  78 21   6.4   3.6  206916.  575. 37
2015  78 22   6.1   3.4  217830.  571. 37
2015  78 23   6.3   3.6  198331.  595. 37
2015  79  0   6.7   3.1  199613.  595. 47
2015  79  1   6.7   3.0  192606.  577. 47
2015  79  2   6.7   2.3  146123.  556. 47
2015  79  3   6.6   2.0  160920.  547. 30
2015  79  4   6.3   2.5  187243.  564. 30
2015  79  5   6.6   2.8  211121.  576. 30
2015  79  6   6.6   2.8  187851.  568. 47
2015  79  7   6.3   2.2  163611.  542. 47
2015  79  8   6.3   2.3  177250.  571. 47
2015  79  9   6.4   2.5  201326.  585. 30
2015  79 10   6.1   2.4  183265.  567. 30
2015  79 11   6.2   2.6  172901.  562. 30
2015  79 12   6.8   2.5  165000.  558. 27
2015  79 13   7.1   2.8  177317.  581. 27
2015  79 14   6.7   2.8  184642.  593. 27
2015  79 15   6.3   2.7  178239.  582. 23
2015  79 16   6.7   2.3  159777.  551. 23
2015  79 17   7.2   2.5  152437.  547. 23
2015  79 18   7.4   2.4  146491.  542. 33
2015  79 19   7.0   2.4  160547.  568. 33
2015  79 20   7.2   2.8  158990.  565. 33
2015  79 21   6.9   3.1  185622.  583. 43
2015  79 22   6.3   4.0  184373.  598. 43
2015  79 23   7.2   3.8  173872.  604. 43
</pre><hr><HR>
<ADDRESS>
<table>
<tr>
<td>
If you have any questions about OMNIWeb Plus Interface,contact:<br>
<A HREF="mailto:Natalia.E.Papitashvili@nasa.gov">
Dr. Natalia Papitashvili</A>, Code 672, Greenbelt, MD 20771.
</ADDRESS>
</td></tr>
</table>
<HR>
<H6>Last Update: August 03, 2026, NEP.</H6>
</BODY>
</HTML>
